#V3.30
#C data file created using the SS_writedat function in the R package r4ss
#C should work with SS version:
#C file write time: 2020-03-27 14:45:39
#
1892 #_styr
2020 #_endyr
1 #_nseas
12 #_months_per_seas
2 #_Nsubseasons
1 #_spawn_month
2 #_Nsexes
55 #_Nages
1 #_N_areas
2 #_Nfleets
#_fleetinfo
#_type	surveytiming	area	units	need_catch_mult	fleetname
1	-1	1	1	0	Commercial  	#_1
1	-1	1	1	0	Recreational	#_2
#_Catch data
#_year	season	fleet	catch	catch_se
 -999	1	1	      1e-20	0.01	#_1         
 1892	1	1	 0.00166366	0.01	#_2         
 1893	1	1	 0.00166366	0.01	#_3         
 1894	1	1	 0.00166366	0.01	#_4         
 1895	1	1	0.000428482	0.01	#_5         
 1896	1	1	0.000102267	0.01	#_6         
 1897	1	1	0.000105691	0.01	#_7         
 1898	1	1	   5.88e-05	0.01	#_8         
 1899	1	1	0.000100465	0.01	#_9         
 1900	1	1	0.000142084	0.01	#_10        
 1901	1	1	0.000181708	0.01	#_11        
 1902	1	1	0.000223327	0.01	#_12        
 1903	1	1	0.000264946	0.01	#_13        
 1904	1	1	0.000306564	0.01	#_14        
 1905	1	1	0.000346188	0.01	#_15        
 1906	1	1	0.000387807	0.01	#_16        
 1907	1	1	0.000429426	0.01	#_17        
 1908	1	1	 0.00046905	0.01	#_18        
 1909	1	1	0.000510669	0.01	#_19        
 1910	1	1	0.000552288	0.01	#_20        
 1911	1	1	0.000593906	0.01	#_21        
 1912	1	1	 0.00063353	0.01	#_22        
 1913	1	1	0.000675149	0.01	#_23        
 1914	1	1	0.000716768	0.01	#_24        
 1915	1	1	0.000758387	0.01	#_25        
 1916	1	1	0.000798011	0.01	#_26        
 1917	1	1	0.000839629	0.01	#_27        
 1918	1	1	0.000881248	0.01	#_28        
 1919	1	1	0.000920872	0.01	#_29        
 1920	1	1	0.000962491	0.01	#_30        
 1921	1	1	 0.00100411	0.01	#_31        
 1922	1	1	 0.00104573	0.01	#_32        
 1923	1	1	 0.00108535	0.01	#_33        
 1924	1	1	 0.00112697	0.01	#_34        
 1925	1	1	 0.00116859	0.01	#_35        
 1926	1	1	 0.00120821	0.01	#_36        
 1927	1	1	0.000902897	0.01	#_37        
 1928	1	1	 0.00150677	0.01	#_38        
 1929	1	1	   0.323056	0.01	#_39        
 1930	1	1	   0.579933	0.01	#_40        
 1931	1	1	   0.278055	0.01	#_41        
 1932	1	1	0.000600983	0.01	#_42        
 1933	1	1	  0.0562375	0.01	#_43        
 1934	1	1	  0.0867957	0.01	#_44        
 1935	1	1	0.000958825	0.01	#_45        
 1936	1	1	    0.32861	0.01	#_46        
 1937	1	1	     1.0757	0.01	#_47        
 1938	1	1	    1.25818	0.01	#_48        
 1939	1	1	    1.51974	0.01	#_49        
 1940	1	1	    1.80644	0.01	#_50        
 1941	1	1	    1.20933	0.01	#_51        
 1942	1	1	     1.4567	0.01	#_52        
 1943	1	1	    1.65167	0.01	#_53        
 1944	1	1	    2.28209	0.01	#_54        
 1945	1	1	    2.57262	0.01	#_55        
 1946	1	1	    2.77916	0.01	#_56        
 1947	1	1	   0.916298	0.01	#_57        
 1948	1	1	    1.87361	0.01	#_58        
 1949	1	1	    2.00228	0.01	#_59        
 1950	1	1	   0.723913	0.01	#_60        
 1951	1	1	   0.649087	0.01	#_61        
 1952	1	1	    1.29203	0.01	#_62        
 1953	1	1	   0.437669	0.01	#_63        
 1954	1	1	   0.288868	0.01	#_64        
 1955	1	1	   0.830517	0.01	#_65        
 1956	1	1	    0.40668	0.01	#_66        
 1957	1	1	   0.869538	0.01	#_67        
 1958	1	1	   0.085337	0.01	#_68        
 1959	1	1	   0.274149	0.01	#_69        
 1960	1	1	   0.349568	0.01	#_70        
 1961	1	1	   0.654582	0.01	#_71        
 1962	1	1	    0.36249	0.01	#_72        
 1963	1	1	   0.629271	0.01	#_73        
 1964	1	1	   0.359226	0.01	#_74        
 1965	1	1	    1.81718	0.01	#_75        
 1966	1	1	    1.14185	0.01	#_76        
 1967	1	1	    3.25714	0.01	#_77        
 1968	1	1	    3.09834	0.01	#_78        
 1969	1	1	    6.04053	0.01	#_79        
 1970	1	1	     2.8331	0.01	#_80        
 1971	1	1	    6.41853	0.01	#_81        
 1972	1	1	    8.30721	0.01	#_82        
 1973	1	1	    9.02142	0.01	#_83        
 1974	1	1	    11.5274	0.01	#_84        
 1975	1	1	    5.96545	0.01	#_85        
 1976	1	1	    7.97796	0.01	#_86        
 1977	1	1	    11.2069	0.01	#_87        
 1978	1	1	    11.7527	0.01	#_88        
 1979	1	1	    7.70242	0.01	#_89        
 1980	1	1	     8.1615	0.01	#_90        
 1981	1	1	    4.37116	0.01	#_91        
 1982	1	1	    4.93878	0.01	#_92        
 1983	1	1	    6.03356	0.01	#_93        
 1984	1	1	    5.59817	0.01	#_94        
 1985	1	1	    8.53067	0.01	#_95        
 1986	1	1	    10.3766	0.01	#_96        
 1987	1	1	    9.62696	0.01	#_97        
 1988	1	1	     10.109	0.01	#_98        
 1989	1	1	    9.97548	0.01	#_99        
 1990	1	1	    10.8745	0.01	#_100       
 1991	1	1	    3.60087	0.01	#_101       
 1992	1	1	    4.30054	0.01	#_102       
 1993	1	1	    13.9006	0.01	#_103       
 1994	1	1	     4.0672	0.01	#_104       
 1995	1	1	    1.78469	0.01	#_105       
 1996	1	1	    5.41273	0.01	#_106       
 1997	1	1	    4.54636	0.01	#_107       
 1998	1	1	    4.70865	0.01	#_108       
 1999	1	1	    1.43864	0.01	#_109       
 2000	1	1	     2.9853	0.01	#_110       
 2001	1	1	     4.8021	0.01	#_111       
 2002	1	1	     2.0774	0.01	#_112       
 2003	1	1	     2.2004	0.01	#_113       
 2004	1	1	     1.7635	0.01	#_114       
 2005	1	1	     1.6761	0.01	#_115       
 2006	1	1	     2.4212	0.01	#_116       
 2007	1	1	      2.056	0.01	#_117       
 2008	1	1	     3.9866	0.01	#_118       
 2009	1	1	     4.0763	0.01	#_119       
 2010	1	1	     1.6393	0.01	#_120       
 2011	1	1	     2.9534	0.01	#_121       
 2012	1	1	     2.7895	0.01	#_122       
 2013	1	1	     3.4232	0.01	#_123       
 2014	1	1	     2.2779	0.01	#_124       
 2015	1	1	     1.4656	0.01	#_125       
 2016	1	1	     2.0186	0.01	#_126       
 2017	1	1	     3.2624	0.01	#_127       
 2018	1	1	      3.086	0.01	#_128       
 2019	1	1	     3.8599	0.01	#_129       
 2020	1	1	     3.0491	0.01	#_130       
 -999	1	2	      1e-20	0.01	#_131       
 1892	1	2	          0	0.01	#_132       
 1893	1	2	          0	0.01	#_133       
 1894	1	2	          0	0.01	#_134       
 1895	1	2	          0	0.01	#_135       
 1896	1	2	          0	0.01	#_136       
 1897	1	2	          0	0.01	#_137       
 1898	1	2	          0	0.01	#_138       
 1899	1	2	          0	0.01	#_139       
 1900	1	2	          0	0.01	#_140       
 1901	1	2	          0	0.01	#_141       
 1902	1	2	          0	0.01	#_142       
 1903	1	2	          0	0.01	#_143       
 1904	1	2	          0	0.01	#_144       
 1905	1	2	          0	0.01	#_145       
 1906	1	2	          0	0.01	#_146       
 1907	1	2	          0	0.01	#_147       
 1908	1	2	          0	0.01	#_148       
 1909	1	2	          0	0.01	#_149       
 1910	1	2	          0	0.01	#_150       
 1911	1	2	          0	0.01	#_151       
 1912	1	2	          0	0.01	#_152       
 1913	1	2	          0	0.01	#_153       
 1914	1	2	          0	0.01	#_154       
 1915	1	2	          0	0.01	#_155       
 1916	1	2	          0	0.01	#_156       
 1917	1	2	          0	0.01	#_157       
 1918	1	2	          0	0.01	#_158       
 1919	1	2	          0	0.01	#_159       
 1920	1	2	          0	0.01	#_160       
 1921	1	2	          0	0.01	#_161       
 1922	1	2	          0	0.01	#_162       
 1923	1	2	          0	0.01	#_163       
 1924	1	2	          0	0.01	#_164       
 1925	1	2	          0	0.01	#_165       
 1926	1	2	          0	0.01	#_166       
 1927	1	2	          0	0.01	#_167       
 1928	1	2	          0	0.01	#_168       
 1929	1	2	          0	0.01	#_169       
 1930	1	2	          0	0.01	#_170       
 1931	1	2	          0	0.01	#_171       
 1932	1	2	          0	0.01	#_172       
 1933	1	2	          0	0.01	#_173       
 1934	1	2	          0	0.01	#_174       
 1935	1	2	          0	0.01	#_175       
 1936	1	2	          0	0.01	#_176       
 1937	1	2	          0	0.01	#_177       
 1938	1	2	          0	0.01	#_178       
 1939	1	2	          0	0.01	#_179       
 1940	1	2	          0	0.01	#_180       
 1941	1	2	          0	0.01	#_181       
 1942	1	2	          0	0.01	#_182       
 1943	1	2	          0	0.01	#_183       
 1944	1	2	          0	0.01	#_184       
 1945	1	2	          0	0.01	#_185       
 1946	1	2	          0	0.01	#_186       
 1947	1	2	          0	0.01	#_187       
 1948	1	2	          0	0.01	#_188       
 1949	1	2	          0	0.01	#_189       
 1950	1	2	          0	0.01	#_190       
 1951	1	2	          0	0.01	#_191       
 1952	1	2	          0	0.01	#_192       
 1953	1	2	          0	0.01	#_193       
 1954	1	2	          0	0.01	#_194       
 1955	1	2	          0	0.01	#_195       
 1956	1	2	          0	0.01	#_196       
 1957	1	2	          0	0.01	#_197       
 1958	1	2	          0	0.01	#_198       
 1959	1	2	          0	0.01	#_199       
 1960	1	2	          0	0.01	#_200       
 1961	1	2	          0	0.01	#_201       
 1962	1	2	          0	0.01	#_202       
 1963	1	2	          0	0.01	#_203       
 1964	1	2	          0	0.01	#_204       
 1965	1	2	          0	0.01	#_205       
 1966	1	2	          0	0.01	#_206       
 1967	1	2	          0	0.01	#_207       
 1968	1	2	          0	0.01	#_208       
 1969	1	2	          0	0.01	#_209       
 1970	1	2	          0	0.01	#_210       
 1971	1	2	          0	0.01	#_211       
 1972	1	2	          0	0.01	#_212       
 1973	1	2	          0	0.01	#_213       
 1974	1	2	          0	0.01	#_214       
 1975	1	2	          0	0.01	#_215       
 1976	1	2	          0	0.01	#_216       
 1977	1	2	          0	0.01	#_217       
 1978	1	2	          0	0.01	#_218       
 1979	1	2	   0.295506	0.01	#_219       
 1980	1	2	      0.477	0.01	#_220       
 1981	1	2	    1.66029	0.01	#_221       
 1982	1	2	     2.0185	0.01	#_222       
 1983	1	2	   0.847677	0.01	#_223       
 1984	1	2	    1.52197	0.01	#_224       
 1985	1	2	   0.637745	0.01	#_225       
 1986	1	2	    3.18378	0.01	#_226       
 1987	1	2	    0.12072	0.01	#_227       
 1988	1	2	    1.26155	0.01	#_228       
 1989	1	2	     6.2562	0.01	#_229       
 1990	1	2	     5.1979	0.01	#_230       
 1991	1	2	    2.36086	0.01	#_231       
 1992	1	2	    5.04697	0.01	#_232       
 1993	1	2	    13.0012	0.01	#_233       
 1994	1	2	    4.65521	0.01	#_234       
 1995	1	2	    2.25818	0.01	#_235       
 1996	1	2	    2.35037	0.01	#_236       
 1997	1	2	    4.04126	0.01	#_237       
 1998	1	2	     6.3972	0.01	#_238       
 1999	1	2	    1.57376	0.01	#_239       
 2000	1	2	    2.59295	0.01	#_240       
 2001	1	2	    3.23614	0.01	#_241       
 2002	1	2	    3.20734	0.01	#_242       
 2003	1	2	     4.2071	0.01	#_243       
 2004	1	2	    3.49685	0.01	#_244       
 2005	1	2	    6.06598	0.01	#_245       
 2006	1	2	    5.42419	0.01	#_246       
 2007	1	2	    6.85367	0.01	#_247       
 2008	1	2	    5.65836	0.01	#_248       
 2009	1	2	    3.98417	0.01	#_249       
 2010	1	2	    4.77748	0.01	#_250       
 2011	1	2	    6.10151	0.01	#_251       
 2012	1	2	    9.14981	0.01	#_252       
 2013	1	2	    6.30477	0.01	#_253       
 2014	1	2	    3.94852	0.01	#_254       
 2015	1	2	    4.65264	0.01	#_255       
 2016	1	2	    3.68936	0.01	#_256       
 2017	1	2	    8.79764	0.01	#_257       
 2018	1	2	    9.19945	0.01	#_258       
 2019	1	2	    9.25244	0.01	#_259       
 2020	1	2	    8.23819	0.01	#_260       
-9999	0	0	          0	   0	#_terminator
#_CPUE_and_surveyabundance_observations
#_Units:  0=numbers; 1=biomass; 2=F; >=30 for special types
#_Errtype:  -1=normal; 0=lognormal; >0=T
#_SD_Report: 0=no sdreport; 1=enable sdreport
#_Fleet	Units	Errtype	SD_Report
1	1	0	0	#_Fishery 
2	1	0	0	#_Fishery1
#
#_CPUE_data
#_year	seas	index	obs	se_log
 2001	7	2	0.830508	0.0655236	#_1         
 2002	7	2	0.851436	0.0670774	#_2         
 2003	7	2	0.836695	0.0651717	#_3         
 2004	7	2	0.931593	0.0427057	#_4         
 2005	7	2	 1.02713	0.0210568	#_5         
 2006	7	2	0.783829	0.0572915	#_6         
 2007	7	2	0.999865	0.0265683	#_7         
 2008	7	2	0.966383	 0.025932	#_8         
 2009	7	2	0.959353	0.0329202	#_9         
 2010	7	2	0.927136	0.0261489	#_10        
 2011	7	2	0.942602	0.0293434	#_11        
 2012	7	2	0.960883	0.0363808	#_12        
 2013	7	2	0.890189	0.0498793	#_13        
 2014	7	2	0.854523	0.0586605	#_14        
 2015	7	2	 1.05647	 0.014391	#_15        
 2016	7	2	 1.06133	0.0129491	#_16        
 2017	7	2	0.821095	0.0365585	#_17        
 2018	7	2	 0.94522	0.0391867	#_18        
 2019	7	2	0.950285	0.0329849	#_19        
 2020	7	2	0.860587	0.0475952	#_20        
-9999	0	0	       0	        0	#_terminator
0 #_N_discard_fleets
#_discard_units (1=same_as_catchunits(bio/num); 2=fraction; 3=numbers)
#_discard_errtype:  >0 for DF of T-dist(read CV below); 0 for normal with CV; -1 for normal with se; -2 for lognormal
#
#_discard_fleet_info
#
#_discard_data
#
#_meanbodywt
0 #_use_meanbodywt
 #_DF_for_meanbodywt_T-distribution_like
#
#_population_length_bins
2 # length bin method: 1=use databins; 2=generate from binwidth,min,max below; 3=read vector
2 # binwidth for population size comp
4 # minimum size in the population (lower edge of first bin and size at age 0.00)
82 # maximum size in the population (lower edge of last bin)
1 #_use_lencomp
#
#_len_info
#_mintailcomp	addtocomp	combine_M_F	CompressBins	CompError	ParmSelect	minsamplesize
-1	0.001	0	0	0	0	0.001	#_Fishery 
-1	0.001	0	0	0	0	0.001	#_Fishery1
30 #_N_lbins
#_lbin_vector
22 24 26 28 30 32 34 36 38 40 42 44 46 48 50 52 54 56 58 60 62 64 66 68 70 72 74 76 78 80 #_lbin_vector
#
#_lencomp
#_Yr	Seas	FltSvy	Gender	Part	Nsamp	f22	f24	f26	f28	f30	f32	f34	f36	f38	f40	f42	f44	f46	f48	f50	f52	f54	f56	f58	f60	f62	f64	f66	f68	f70	f72	f74	f76	f78	f80	m22	m24	m26	m28	m30	m32	m34	m36	m38	m40	m42	m44	m46	m48	m50	m52	m54	m56	m58	m60	m62	m64	m66	m68	m70	m72	m74	m76	m78	m80
 1993	7	2	0	0	 23	0	0	0	0	 0	 0	 0	 0	 1	  1	  1	  2	  1	  3	  3	  3	  2	 3	 0	 0	 1	 2	0	0	0	0	0	0	0	0	0	0	0	 0	 0	 0	 0	 0	  0	  0	  0	  0	  0	  0	  0	  0	  0	 0	 0	 0	 0	0	0	0	0	0	0	0	0	0	#_45        
 1994	7	2	0	0	 26	0	0	0	0	 0	 0	 0	 2	 1	  3	  3	  2	  1	  3	  4	  1	  0	 1	 5	 0	 0	 0	0	0	0	0	0	0	0	0	0	0	0	 0	 0	 0	 0	 0	  0	  0	  0	  0	  0	  0	  0	  0	  0	 0	 0	 0	 0	0	0	0	0	0	0	0	0	0	#_46        
 1995	7	2	0	0	 17	0	0	0	1	 0	 0	 1	 1	 3	  1	  2	  0	  3	  3	  0	  0	  1	 0	 0	 0	 0	 1	0	0	0	0	0	0	0	0	0	0	0	 0	 0	 0	 0	 0	  0	  0	  0	  0	  0	  0	  0	  0	  0	 0	 0	 0	 0	0	0	0	0	0	0	0	0	0	#_47        
 1996	7	2	0	0	 29	1	0	0	3	 0	 1	 2	 2	 4	  3	  2	  2	  2	  0	  2	  4	  0	 1	 0	 0	 0	 0	0	0	0	0	0	0	0	0	0	0	0	 0	 0	 0	 0	 0	  0	  0	  0	  0	  0	  0	  0	  0	  0	 0	 0	 0	 0	0	0	0	0	0	0	0	0	0	#_48        
 1997	7	2	0	0	 41	0	0	1	0	 0	 2	 3	 4	 3	  6	  2	  5	  5	  4	  1	  1	  1	 3	 0	 0	 0	 0	0	0	0	0	0	0	0	0	0	0	0	 0	 0	 0	 0	 0	  0	  0	  0	  0	  0	  0	  0	  0	  0	 0	 0	 0	 0	0	0	0	0	0	0	0	0	0	#_49        
 1998	7	2	0	0	 84	0	0	0	1	 1	 5	 8	 8	17	  8	  6	  3	  5	  3	  6	  3	  4	 2	 0	 2	 1	 1	0	0	0	0	0	0	0	0	0	0	0	 0	 0	 0	 0	 0	  0	  0	  0	  0	  0	  0	  0	  0	  0	 0	 0	 0	 0	0	0	0	0	0	0	0	0	0	#_50        
 1999	7	2	0	0	 78	0	0	0	1	 2	 3	12	12	18	 15	  1	  1	  1	  3	  2	  2	  1	 3	 1	 0	 0	 0	0	0	0	0	0	0	0	0	0	0	0	 0	 0	 0	 0	 0	  0	  0	  0	  0	  0	  0	  0	  0	  0	 0	 0	 0	 0	0	0	0	0	0	0	0	0	0	#_51        
 2000	7	2	0	0	 36	0	0	0	0	 0	 1	 5	 6	 9	  8	  4	  1	  0	  1	  0	  1	  0	 0	 0	 0	 0	 0	0	0	0	0	0	0	0	0	0	0	0	 0	 0	 0	 0	 0	  0	  0	  0	  0	  0	  0	  0	  0	  0	 0	 0	 0	 0	0	0	0	0	0	0	0	0	0	#_52        
 2001	7	2	0	0	224	1	0	0	2	 3	 4	 3	11	30	 30	 48	 38	 19	  7	  8	  7	  5	 6	 1	 0	 1	 0	0	0	0	0	0	0	0	0	0	0	0	 0	 0	 0	 0	 0	  0	  0	  0	  0	  0	  0	  0	  0	  0	 0	 0	 0	 0	0	0	0	0	0	0	0	0	0	#_53        
 2002	7	2	0	0	450	0	1	0	1	10	 4	 5	11	20	 67	 88	 92	 83	 39	  6	 13	  5	 2	 1	 0	 1	 0	0	0	0	0	0	0	0	1	0	0	0	 0	 0	 0	 0	 0	  0	  0	  0	  0	  0	  0	  0	  0	  0	 0	 0	 0	 0	0	0	0	0	0	0	0	0	0	#_54        
 2003	7	2	0	0	742	0	0	0	1	11	13	50	35	26	 48	 88	143	139	 78	 42	 27	 12	 9	 8	 9	 1	 1	0	0	1	0	0	0	0	0	0	0	0	 0	 0	 0	 0	 0	  0	  0	  0	  0	  0	  0	  0	  0	  0	 0	 0	 0	 0	0	0	0	0	0	0	0	0	0	#_55        
 2004	7	2	0	0	410	0	1	0	0	 0	 0	 8	18	51	 28	 34	 55	 84	 62	 25	 21	 13	 5	 3	 2	 0	 0	0	0	0	0	0	0	0	0	0	0	0	 0	 0	 0	 0	 0	  0	  0	  0	  0	  0	  0	  0	  0	  0	 0	 0	 0	 0	0	0	0	0	0	0	0	0	0	#_56        
 2005	7	2	0	0	958	0	0	2	1	 0	 2	 5	19	86	147	105	 99	149	125	 93	 52	 30	17	14	 8	 2	 0	2	0	0	0	0	0	0	0	0	0	0	 0	 0	 0	 0	 0	  0	  0	  0	  0	  0	  0	  0	  0	  0	 0	 0	 0	 0	0	0	0	0	0	0	0	0	0	#_57        
 2006	7	2	0	0	597	0	0	0	0	 1	 4	 4	10	41	 66	 81	 77	 82	 74	 65	 35	 31	14	 8	 3	 1	 0	0	0	0	0	0	0	0	0	0	0	0	 0	 0	 0	 0	 0	  0	  0	  0	  0	  0	  0	  0	  0	  0	 0	 0	 0	 0	0	0	0	0	0	0	0	0	0	#_58        
 2007	7	2	0	0	823	0	0	0	1	 2	 1	 4	12	17	 38	 88	118	143	163	110	 49	 33	20	14	 8	 2	 0	0	0	0	0	0	0	0	0	0	0	0	 0	 0	 0	 0	 0	  0	  0	  0	  0	  0	  0	  0	  0	  0	 0	 0	 0	 0	0	0	0	0	0	0	0	0	0	#_59        
 2008	7	2	0	0	734	0	0	0	0	 0	 2	 7	10	16	 29	 41	110	154	119	115	 57	 34	19	12	 5	 3	 1	0	0	0	0	0	0	0	0	0	0	0	 0	 0	 0	 0	 0	  0	  0	  0	  0	  0	  0	  0	  0	  0	 0	 0	 0	 0	0	0	0	0	0	0	0	0	0	#_60        
 2009	7	2	0	0	501	0	0	0	1	 2	 3	 1	 8	11	 16	 14	 49	 77	 90	 97	 56	 48	11	12	 3	 1	 1	0	0	0	0	0	0	0	0	0	0	0	 0	 0	 0	 0	 0	  0	  0	  0	  0	  0	  0	  0	  0	  0	 0	 0	 0	 0	0	0	0	0	0	0	0	0	0	#_61        
 2010	7	2	0	0	632	0	0	0	5	 6	11	14	13	12	 16	 12	 41	 71	120	134	 80	 54	24	 5	 7	 5	 0	2	0	0	0	0	0	0	0	0	0	0	 0	 0	 0	 0	 0	  0	  0	  0	  0	  0	  0	  0	  0	  0	 0	 0	 0	 0	0	0	0	0	0	0	0	0	0	#_62        
 2011	7	2	0	0	724	0	0	0	1	 1	 7	13	29	41	 32	 17	 37	 80	127	149	 87	 50	35	 9	 6	 2	 1	0	0	0	0	0	0	0	0	0	0	0	 0	 0	 0	 0	 0	  0	  0	  0	  0	  0	  0	  0	  0	  0	 0	 0	 0	 0	0	0	0	0	0	0	0	0	0	#_63        
 2012	7	2	0	0	918	0	0	0	0	 1	 2	 7	21	45	 62	 31	 40	 68	152	159	148	 83	62	26	 6	 2	 2	0	1	0	0	0	0	0	0	0	0	0	 0	 0	 0	 0	 0	  0	  0	  0	  0	  0	  0	  0	  0	  0	 0	 0	 0	 0	0	0	0	0	0	0	0	0	0	#_64        
 2013	7	2	0	0	646	0	0	0	0	 0	 4	 4	 5	29	 57	 55	 37	 43	100	114	 83	 58	34	15	 4	 3	 1	0	0	0	0	0	0	0	0	0	0	0	 0	 0	 0	 0	 0	  0	  0	  0	  0	  0	  0	  0	  0	  0	 0	 0	 0	 0	0	0	0	0	0	0	0	0	0	#_65        
 2014	7	2	0	0	370	0	0	0	0	 0	 2	 1	 1	 1	 11	 24	 53	 30	 41	 52	 66	 41	26	12	 8	 1	 0	0	0	0	0	0	0	0	0	0	0	0	 0	 0	 0	 0	 0	  0	  0	  0	  0	  0	  0	  0	  0	  0	 0	 0	 0	 0	0	0	0	0	0	0	0	0	0	#_66        
 2015	7	2	0	0	294	0	0	0	0	 0	 1	 1	 2	 8	  3	  8	 20	 36	 32	 40	 62	 47	19	10	 3	 1	 0	1	0	0	0	0	0	0	0	0	0	0	 0	 0	 0	 0	 0	  0	  0	  0	  0	  0	  0	  0	  0	  0	 0	 0	 0	 0	0	0	0	0	0	0	0	0	0	#_67        
 2016	7	2	0	0	270	0	0	0	0	 2	 3	 2	 2	 3	 19	 14	 13	 30	 47	 27	 47	 26	20	12	 2	 0	 0	0	1	0	0	0	0	0	0	0	0	0	 0	 0	 0	 0	 0	  0	  0	  0	  0	  0	  0	  0	  0	  0	 0	 0	 0	 0	0	0	0	0	0	0	0	0	0	#_68        
 2017	7	2	0	0	543	0	0	0	0	 4	 4	 9	14	12	 22	 20	 24	 38	 78	 83	104	 59	43	21	 4	 2	 2	0	0	0	0	0	0	0	0	0	0	0	 0	 0	 0	 0	 0	  0	  0	  0	  0	  0	  0	  0	  0	  0	 0	 0	 0	 0	0	0	0	0	0	0	0	0	0	#_69        
 2018	7	2	0	0	575	1	0	0	5	 3	 5	 6	18	26	 18	 20	 31	 29	 65	 92	106	 77	41	23	 7	 1	 1	0	0	0	0	0	0	0	0	0	0	0	 0	 0	 0	 0	 0	  0	  0	  0	  0	  0	  0	  0	  0	  0	 0	 0	 0	 0	0	0	0	0	0	0	0	0	0	#_70        
 2019	7	2	0	0	607	0	1	1	3	 8	30	21	11	11	 30	 38	 22	 33	 62	 88	 96	 84	42	16	 8	 2	 0	0	0	0	0	0	0	0	0	0	0	0	 0	 0	 0	 0	 0	  0	  0	  0	  0	  0	  0	  0	  0	  0	 0	 0	 0	 0	0	0	0	0	0	0	0	0	0	#_71        
 2020	7	2	0	0	 63	0	0	0	1	 0	 3	13	 8	 3	  1	  1	  4	  3	  1	  2	  7	  6	 4	 3	 2	 1	 0	0	0	0	0	0	0	0	0	0	0	0	 0	 0	 0	 0	 0	  0	  0	  0	  0	  0	  0	  0	  0	  0	 0	 0	 0	 0	0	0	0	0	0	0	0	0	0	#_72        
 1999	7	1	1	0	  3	0	0	0	0	16	 0	31	 0	16	 31	  0	  0	  0	 16	  0	  0	  0	 0	 0	 0	 0	 0	0	0	0	0	0	0	0	0	0	0	0	 0	 0	 0	 0	 0	  0	  0	  0	  0	  0	  0	  0	  0	  0	 0	 0	 0	 0	0	0	0	0	0	0	0	0	0	#_1         
 2000	7	1	1	0	 18	0	0	0	0	 0	16	47	16	31	157	 32	 16	  0	 47	 16	 16	 16	31	 0	 0	 0	 0	0	0	0	0	0	0	0	0	0	0	0	 0	 0	 0	 0	 0	  0	  0	  0	  0	  0	  0	  0	  0	  0	 0	 0	 0	 0	0	0	0	0	0	0	0	0	0	#_2         
 2001	7	1	1	0	 27	0	0	0	0	 0	 0	 0	16	47	172	109	110	 16	 32	 47	  0	 16	16	16	 0	 0	 0	0	0	0	0	0	0	0	0	0	0	0	 0	 0	 0	 0	 0	  0	  0	  0	  0	  0	  0	  0	  0	  0	 0	 0	 0	 0	0	0	0	0	0	0	0	0	0	#_3         
 2002	7	1	1	0	 19	0	0	0	0	 0	16	 0	16	31	 16	 31	 47	126	  0	 16	 16	 16	 0	 0	 0	 0	 0	0	0	0	0	0	0	0	0	0	0	0	 0	 0	 0	 0	 0	  0	  0	  0	  0	  0	  0	  0	  0	  0	 0	 0	 0	 0	0	0	0	0	0	0	0	0	0	#_4         
 2003	7	1	1	0	 26	0	0	0	0	 0	 0	 0	 0	 0	 62	 79	 31	125	 47	 16	  0	 32	 0	 0	 0	16	 0	0	0	0	0	0	0	0	0	0	0	0	 0	 0	 0	 0	 0	  0	  0	  0	  0	  0	  0	  0	  0	  0	 0	 0	 0	 0	0	0	0	0	0	0	0	0	0	#_5         
 2004	7	1	1	0	 32	0	0	0	0	12	 0	 0	37	78	 50	 73	114	 63	 37	 39	 25	  0	 0	 0	 0	 0	 0	0	0	0	0	0	0	0	0	0	0	0	 0	 0	 0	 0	 0	  0	  0	  0	  0	  0	  0	  0	  0	  0	 0	 0	 0	 0	0	0	0	0	0	0	0	0	0	#_6         
 2005	7	1	1	0	 20	0	0	0	0	 0	 0	 0	27	 0	 41	 40	 54	 28	 94	 14	 27	 27	 0	13	 0	 0	 0	0	0	0	0	0	0	0	0	0	0	0	 0	 0	 0	 0	 0	  0	  0	  0	  0	  0	  0	  0	  0	  0	 0	 0	 0	 0	0	0	0	0	0	0	0	0	0	#_7         
 2006	7	1	1	0	 21	0	0	0	0	 0	 0	 0	16	 0	 32	 94	 47	 62	125	110	  0	  0	 0	 0	16	 0	 0	0	0	0	0	0	0	0	0	0	0	0	 0	 0	 0	 0	 0	  0	  0	  0	  0	  0	  0	  0	  0	  0	 0	 0	 0	 0	0	0	0	0	0	0	0	0	0	#_8         
 2007	7	1	1	0	 23	0	0	0	0	 0	 0	 0	 0	 0	 31	 15	108	 77	 76	 46	 62	  0	32	 0	 0	 0	 0	0	0	0	0	0	0	0	0	0	0	0	 0	 0	 0	 0	 0	  0	  0	  0	  0	  0	  0	  0	  0	  0	 0	 0	 0	 0	0	0	0	0	0	0	0	0	0	#_9         
 2008	7	1	1	0	 18	0	0	0	0	 0	 0	 0	 0	 0	  0	  0	  0	 47	 31	 64	 79	 16	47	 0	31	 0	 0	0	0	0	0	0	0	0	0	0	0	0	 0	 0	 0	 0	 0	  0	  0	  0	  0	  0	  0	  0	  0	  0	 0	 0	 0	 0	0	0	0	0	0	0	0	0	0	#_10        
 2009	7	1	1	0	 37	0	0	0	0	 0	 0	16	 0	 0	 31	 32	 63	125	156	156	 94	 63	63	16	 0	 0	 0	0	0	0	0	0	0	0	0	0	0	0	 0	 0	 0	 0	 0	  0	  0	  0	  0	  0	  0	  0	  0	  0	 0	 0	 0	 0	0	0	0	0	0	0	0	0	0	#_11        
 2010	7	1	1	0	 29	0	0	0	0	 0	 0	 0	 0	 0	  8	 24	 32	 24	 24	 87	 58	 48	 8	25	 0	 0	 0	0	0	0	0	0	0	0	0	0	0	0	 0	 0	 0	 0	 0	  0	  0	  0	  0	  0	  0	  0	  0	  0	 0	 0	 0	 0	0	0	0	0	0	0	0	0	0	#_12        
 2011	7	1	1	0	 72	0	0	0	0	 0	 6	 6	32	51	 47	  0	 58	 19	 77	117	 99	 70	32	32	 0	 6	 0	0	0	0	0	0	0	0	0	0	0	0	 0	 0	 0	 0	 0	  0	  0	  0	  0	  0	  0	  0	  0	  0	 0	 0	 0	 0	0	0	0	0	0	0	0	0	0	#_13        
 2012	7	1	1	0	 43	0	0	0	0	 0	 0	 0	34	32	 96	108	 21	 43	 87	 85	 76	 66	 0	21	21	 0	11	0	0	0	0	0	0	0	0	0	0	0	 0	 0	 0	 0	 0	  0	  0	  0	  0	  0	  0	  0	  0	  0	 0	 0	 0	 0	0	0	0	0	0	0	0	0	0	#_14        
 2013	7	1	1	0	 70	0	0	0	0	 0	 0	 0	 0	 8	 87	 63	 54	 46	 46	 85	108	111	77	 8	16	 0	 0	0	0	0	0	0	0	0	0	0	0	0	 0	 0	 0	 0	 0	  0	  0	  0	  0	  0	  0	  0	  0	  0	 0	 0	 0	 0	0	0	0	0	0	0	0	0	0	#_15        
 2014	7	1	1	0	 48	0	0	0	0	 0	 0	 0	 0	13	 13	 32	 53	 67	 26	 60	 59	 65	45	19	13	 0	 0	6	0	0	0	0	0	0	0	0	0	0	 0	 0	 0	 0	 0	  0	  0	  0	  0	  0	  0	  0	  0	  0	 0	 0	 0	 0	0	0	0	0	0	0	0	0	0	#_16        
 2015	7	1	1	0	 31	0	0	0	0	 0	 0	 0	 8	26	  8	  8	  8	 40	 33	 24	 24	 32	24	24	 0	 0	 0	0	0	0	0	0	0	0	0	0	0	0	 0	 0	 0	 0	 0	  0	  0	  0	  0	  0	  0	  0	  0	  0	 0	 0	 0	 0	0	0	0	0	0	0	0	0	0	#_17        
 2016	7	1	1	0	 42	0	0	0	0	 0	 0	 0	 0	 6	  6	  6	 13	 70	 56	 63	 38	 56	12	43	12	 6	 0	0	0	0	0	0	0	0	0	0	0	0	 0	 0	 0	 0	 0	  0	  0	  0	  0	  0	  0	  0	  0	  0	 0	 0	 0	 0	0	0	0	0	0	0	0	0	0	#_18        
 2017	7	1	1	0	 54	0	0	0	0	 0	 0	13	 6	19	 19	 13	 51	 51	 72	 89	 84	 89	59	44	19	 0	 0	0	0	0	0	0	0	0	0	0	0	0	 0	 0	 0	 0	 0	  0	  0	  0	  0	  0	  0	  0	  0	  0	 0	 0	 0	 0	0	0	0	0	0	0	0	0	0	#_19        
 2018	7	1	1	0	 46	0	0	0	0	 0	 0	12	10	22	 29	 39	 48	 29	 10	 87	111	 69	80	29	39	10	10	0	0	0	0	0	0	0	0	0	0	0	 0	 0	 0	 0	 0	  0	  0	  0	  0	  0	  0	  0	  0	  0	 0	 0	 0	 0	0	0	0	0	0	0	0	0	0	#_20        
 2019	7	1	1	0	101	0	0	0	5	 0	15	24	15	25	 45	 19	 44	 68	 54	116	121	 55	39	15	38	 0	 5	0	0	0	0	0	0	0	0	0	0	0	 0	 0	 0	 0	 0	  0	  0	  0	  0	  0	  0	  0	  0	  0	 0	 0	 0	 0	0	0	0	0	0	0	0	0	0	#_21        
 2020	7	1	1	0	 24	0	0	0	0	 0	11	 0	24	35	 14	 38	  0	  0	 12	 39	 25	117	66	35	11	 0	12	0	0	0	0	0	0	0	0	0	0	0	 0	 0	 0	 0	 0	  0	  0	  0	  0	  0	  0	  0	  0	  0	 0	 0	 0	 0	0	0	0	0	0	0	0	0	0	#_22        
 1999	7	1	2	0	  5	0	0	0	0	 0	 0	 0	 0	 0	  0	  0	  0	  0	  0	  0	  0	  0	 0	 0	 0	 0	 0	0	0	0	0	0	0	0	0	0	0	0	 0	 0	 0	16	31	 16	 31	  0	  0	 16	 16	 16	  0	 31	 0	 0	16	 0	0	0	0	0	0	0	0	0	0	#_23        
 2000	7	1	2	0	 24	0	0	0	0	 0	 0	 0	 0	 0	  0	  0	  0	  0	  0	  0	  0	  0	 0	 0	 0	 0	 0	0	0	0	0	0	0	0	0	0	0	0	 0	 0	 0	32	47	110	 95	110	 47	 48	 32	 63	 31	 16	 0	 0	 0	 0	0	0	0	0	0	0	0	0	0	#_24        
 2001	7	1	2	0	 40	0	0	0	0	 0	 0	 0	 0	 0	  0	  0	  0	  0	  0	  0	  0	  0	 0	 0	 0	 0	 0	0	0	0	0	0	0	0	0	0	0	0	 0	 0	16	 0	31	141	156	251	250	 47	 79	 16	  0	 16	47	32	 0	 0	0	0	0	0	0	0	0	0	0	#_25        
 2002	7	1	2	0	 17	0	0	0	0	 0	 0	 0	 0	 0	  0	  0	  0	  0	  0	  0	  0	  0	 0	 0	 0	 0	 0	0	0	0	0	0	0	0	0	0	0	0	 0	 0	16	16	 0	 95	 16	 32	 47	  0	 16	 16	  0	  0	 0	 0	16	 0	0	0	0	0	0	0	0	0	0	#_26        
 2003	7	1	2	0	 30	0	0	0	0	 0	 0	 0	 0	 0	  0	  0	  0	  0	  0	  0	  0	  0	 0	 0	 0	 0	 0	0	0	0	0	0	0	0	0	0	0	0	 0	 0	 0	 0	16	 47	 47	110	110	 31	125	 31	 32	  0	 0	16	16	 0	0	0	0	0	0	0	0	0	0	#_27        
 2004	7	1	2	0	 34	0	0	0	0	 0	 0	 0	 0	 0	  0	  0	  0	  0	  0	  0	  0	  0	 0	 0	 0	 0	 0	0	0	0	0	0	0	0	0	0	0	0	 0	12	 0	 0	12	 77	 64	 80	 78	110	 62	 13	 12	  0	 0	 0	 0	 0	0	0	0	0	0	0	0	0	0	#_28        
 2005	7	1	2	0	 22	0	0	0	0	 0	 0	 0	 0	 0	  0	  0	  0	  0	  0	  0	  0	  0	 0	 0	 0	 0	 0	0	0	0	0	0	0	0	0	0	0	0	 0	 0	 0	 0	 0	 32	 40	 81	 40	 54	 27	 70	 27	 13	 0	13	13	 0	0	0	0	0	0	0	0	0	0	#_29        
 2006	7	1	2	0	 17	0	0	0	0	 0	 0	 0	 0	 0	  0	  0	  0	  0	  0	  0	  0	  0	 0	 0	 0	 0	 0	0	0	0	0	0	0	0	0	0	0	0	 0	 0	 0	 0	 0	  0	  0	 63	 62	 47	 16	 79	 31	 16	 0	16	16	 0	0	0	0	0	0	0	0	0	0	#_30        
 2007	7	1	2	0	 26	0	0	0	0	 0	 0	 0	 0	 0	  0	  0	  0	  0	  0	  0	  0	  0	 0	 0	 0	 0	 0	0	0	0	0	0	0	0	0	0	0	0	 0	 0	 0	 0	 0	 15	  0	 46	 76	 62	 60	 92	 77	 31	 0	 0	 0	 0	0	0	0	0	0	0	0	0	0	#_31        
 2008	7	1	2	0	 16	0	0	0	0	 0	 0	 0	 0	 0	  0	  0	  0	  0	  0	  0	  0	  0	 0	 0	 0	 0	 0	0	0	0	0	0	0	0	0	0	0	0	 0	 0	 0	 0	32	  0	 16	 32	 32	 94	 16	 62	  0	  0	 0	 0	 0	 0	0	0	0	0	0	0	0	0	0	#_32        
 2009	7	1	2	0	 42	0	0	0	0	 0	 0	 0	 0	 0	  0	  0	  0	  0	  0	  0	  0	  0	 0	 0	 0	 0	 0	0	0	0	0	0	0	0	0	0	0	0	 0	 0	 0	 0	16	 31	 32	 94	110	203	202	202	 62	 47	31	 0	 0	 0	0	0	0	0	0	0	0	0	0	#_33        
 2010	7	1	2	0	 32	0	0	0	0	 0	 0	 0	 0	 0	  0	  0	  0	  0	  0	  0	  0	  0	 0	 0	 0	 0	 0	0	0	0	0	0	0	0	0	0	0	0	 0	 0	 9	 0	 0	  8	 16	  0	 16	 41	 57	111	 40	 33	10	 8	17	 0	0	0	0	0	0	0	0	0	0	#_34        
 2011	7	1	2	0	 73	0	0	0	0	 0	 0	 0	 0	 0	  0	  0	  0	  0	  0	  0	  0	  0	 0	 0	 0	 0	 0	0	0	0	0	0	0	0	0	0	0	0	 0	 0	 6	 6	20	 45	 32	 45	 26	 40	109	 78	115	 59	58	 6	 0	 6	0	0	0	0	0	0	0	0	0	#_35        
 2012	7	1	2	0	 37	0	0	0	0	 0	 0	 0	 0	 0	  0	  0	  0	  0	  0	  0	  0	  0	 0	 0	 0	 0	 0	0	0	0	0	0	0	0	0	0	0	0	11	 0	 0	 0	11	 43	 54	 32	  0	 21	 87	130	 76	 54	21	22	 0	11	0	0	0	0	0	0	0	0	0	#_36        
 2013	7	1	2	0	 54	0	0	0	0	 0	 0	 0	 0	 0	  0	  0	  0	  0	  0	  0	  0	  0	 0	 0	 0	 0	 0	0	0	0	0	0	0	0	0	0	0	0	 0	 0	 0	 0	 0	  8	 23	 85	 38	 61	 77	123	107	 77	39	15	 8	 0	0	0	0	0	0	0	0	0	0	#_37        
 2014	7	1	2	0	 44	0	0	0	0	 0	 0	 0	 0	 0	  0	  0	  0	  0	  0	  0	  0	  0	 0	 0	 0	 0	 0	0	0	0	0	0	0	0	0	0	0	0	 0	 0	 0	 6	 0	 20	  7	 27	 67	 53	 60	 28	 59	 53	53	 7	 0	 0	0	0	0	0	0	0	0	0	0	#_38        
 2015	7	1	2	0	 34	0	0	0	0	 0	 0	 0	 0	 0	  0	  0	  0	  0	  0	  0	  0	  0	 0	 0	 0	 0	 0	0	0	0	0	0	0	0	0	0	0	0	 0	 0	 0	 0	 0	  0	  0	 40	 40	 49	 17	 64	 72	 24	 0	 0	16	 0	0	0	0	0	0	0	0	0	0	#_39        
 2016	7	1	2	0	 37	0	0	0	0	 0	 0	 0	 0	 0	  0	  0	  0	  0	  0	  0	  0	  0	 0	 0	 0	 0	 0	0	0	0	0	0	0	0	0	0	0	0	 0	 0	 0	 0	 0	  6	  0	 50	 31	 44	 78	 70	 50	 44	14	12	 0	 0	0	0	0	0	0	0	0	0	0	#_40        
 2017	7	1	2	0	 56	0	0	0	0	 0	 0	 0	 0	 0	  0	  0	  0	  0	  0	  0	  0	  0	 0	 0	 0	 0	 0	0	0	0	0	0	0	0	0	0	0	0	 0	 0	 0	13	13	 13	 20	 51	 53	 51	 57	163	 83	 53	33	 6	 0	 0	0	0	0	0	0	0	0	0	0	#_41        
 2018	7	1	2	0	 39	0	0	0	0	 0	 0	 0	 0	 0	  0	  0	  0	  0	  0	  0	  0	  0	 0	 0	 0	 0	 0	0	0	0	0	0	0	0	0	0	0	0	 0	 0	 0	 0	10	 19	 20	 50	 52	 59	 39	108	 69	 58	39	40	20	 0	0	0	0	0	0	0	0	0	0	#_42        
 2019	7	1	2	0	110	0	0	0	0	 0	 0	 0	 0	 0	  0	  0	  0	  0	  0	  0	  0	  0	 0	 0	 0	 0	 0	0	0	0	0	0	0	0	0	0	0	0	 0	14	 0	 5	14	 24	 19	 68	 81	 83	 71	117	123	121	73	14	 9	 0	0	6	0	0	0	0	0	0	0	#_43        
 2020	7	1	2	0	 34	0	0	0	0	 0	 0	 0	 0	 0	  0	  0	  0	  0	  0	  0	  0	  0	 0	 0	 0	 0	 0	0	0	0	0	0	0	0	0	0	0	0	 0	 0	25	26	12	 26	 38	 37	 25	104	 65	 69	159	119	12	 0	 0	 0	0	0	0	0	0	0	0	0	0	#_44        
-9999	0	0	0	0	  0	0	0	0	0	 0	 0	 0	 0	 0	  0	  0	  0	  0	  0	  0	  0	  0	 0	 0	 0	 0	 0	0	0	0	0	0	0	0	0	0	0	0	 0	 0	 0	 0	 0	  0	  0	  0	  0	  0	  0	  0	  0	  0	 0	 0	 0	 0	0	0	0	0	0	0	0	0	0	#_terminator
55 #_N_agebins
#
#_agebin_vector
0 1 2 3 4 5 6 7 8 9 10 11 12 13 14 15 16 17 18 19 20 21 22 23 24 25 26 27 28 29 30 31 32 33 34 35 36 37 38 39 40 41 42 43 44 45 46 47 48 49 50 51 52 53 54 #_agebin_vector
#
#_ageing_error
1 #_N_ageerror_definitions
#_age0	age1	age2	age3	age4	age5	age6	age7	age8	age9	age10	age11	age12	age13	age14	age15	age16	age17	age18	age19	age20	age21	age22	age23	age24	age25	age26	age27	age28	age29	age30	age31	age32	age33	age34	age35	age36	age37	age38	age39	age40	age41	age42	age43	age44	age45	age46	age47	age48	age49	age50	age51	age52	age53	age54	age55
   -1	   -1	   -1	   -1	   -1	   -1	   -1	   -1	   -1	   -1	   -1	   -1	   -1	   -1	   -1	   -1	   -1	   -1	   -1	   -1	   -1	   -1	   -1	   -1	   -1	   -1	   -1	   -1	   -1	   -1	   -1	   -1	   -1	   -1	   -1	   -1	   -1	   -1	   -1	   -1	   -1	   -1	   -1	   -1	   -1	   -1	   -1	   -1	   -1	   -1	   -1	   -1	   -1	   -1	   -1	   -1	#_1
0.001	0.001	0.001	0.001	0.001	0.001	0.001	0.001	0.001	0.001	0.001	0.001	0.001	0.001	0.001	0.001	0.001	0.001	0.001	0.001	0.001	0.001	0.001	0.001	0.001	0.001	0.001	0.001	0.001	0.001	0.001	0.001	0.001	0.001	0.001	0.001	0.001	0.001	0.001	0.001	0.001	0.001	0.001	0.001	0.001	0.001	0.001	0.001	0.001	0.001	0.001	0.001	0.001	0.001	0.001	0.001	#_2
#
#_age_info
#_mintailcomp	addtocomp	combine_M_F	CompressBins	CompError	ParmSelect	minsamplesize
-1	0.001	0	0	0	0	0.001	#_Fishery 
-1	0.001	0	0	0	0	0.001	#_Fishery1
3 #_Lbin_method: 1=poplenbins; 2=datalenbins; 3=lengths
 #_combine males into females at or below this bin number
#_X.9999	X0	X0.1	X0.2	X0.3	X0.4	X0.5	X0.6	X0.7	X0.8	X0.9	X0.10	X0.11	X0.12	X0.13	X0.14	X0.15	X0.16	X0.17	X0.18	X0.19	X0.20	X0.21	X0.22	X0.23	X0.24	X0.25	X0.26	X0.27	X0.28	X0.29	X0.30	X0.31	X0.32	X0.33	X0.34	X0.35	X0.36	X0.37	X0.38	X0.39	X0.40	X0.41	X0.42	X0.43	X0.44	X0.45	X0.46	X0.47	X0.48	X0.49	X0.50	X0.51	X0.52	X0.53	X0.54	X0.55	X0.56	X0.57	X0.58	X0.59	X0.60	X0.61	X0.62	X0.63	X0.64	X0.65	X0.66	X0.67	X0.68	X0.69	X0.70	X0.71	X0.72	X0.73	X0.74	X0.75	X0.76	X0.77	X0.78	X0.79	X0.80	X0.81	X0.82	X0.83	X0.84	X0.85	X0.86	X0.87	X0.88	X0.89	X0.90	X0.91	X0.92	X0.93	X0.94	X0.95	X0.96	X0.97	X0.98	X0.99	X0.100	X0.101	X0.102	X0.103	X0.104	X0.105	X0.106	X0.107	X0.108	X0.109	X0.110	X0.111	X0.112	X0.113	X0.114	X0.115	X0.116	X0.117
-9999	0	0	0	0	0	0	0	0	0	0	0	0	0	0	0	0	0	0	0	0	0	0	0	0	0	0	0	0	0	0	0	0	0	0	0	0	0	0	0	0	0	0	0	0	0	0	0	0	0	0	0	0	0	0	0	0	0	0	0	0	0	0	0	0	0	0	0	0	0	0	0	0	0	0	0	0	0	0	0	0	0	0	0	0	0	0	0	0	0	0	0	0	0	0	0	0	0	0	0	0	0	0	0	0	0	0	0	0	0	0	0	0	0	0	0	0	0	0	#_terminator
#
#_MeanSize_at_Age_obs
0 #_use_MeanSize_at_Age_obs
0 #_N_environ_variables
0 #_N_sizefreq_methods
0 #_do_tags
0 #_morphcomp_data
0 #_use_selectivity_priors
#
999
